x <- c(1,12,123,1234,12345)

x

x[1]

x[2]


x[3 : 5]

x[-1]


x[-1 : -3]